2450738
4355868
5588577
6483397
7323252
8173561
8985500
9789900
10643417
11408031
12088798
12825090
13524428
14169630
14795195
15507375
16227757
16890208
17464498
18042415
18703806
19387773
20119627
20833218
21485173
22086530
22637080
23159444
23814426
24394718
24820349
25169993
25583097
26091947
26643112
27239192
27862537
28678905
29416126
30146707
30692186
31113697
31413812
31573434
31991438
32620147
33175066
33748763
34319489
34713256
35099959
35401527
35741084
36037980
36517202
36798009
37035021
37508098
37878905
38170831
38528317
39033204
39424568
39585957
39635033
39729510
40072245
40423203
40668919
40970251
41374461
41845501
42264331
42779490
43342451
43792695
44163695
44358526
44557668
44870175
45332482
45680554
45931055
46171750
46443289
46815056
47145578
47559830
48046213
48460554
48882170
49203367
49359003
49653357
49995092
50056598
50111802
50242075
50249965
50482816
50756861
51088793
51391516
51789435
52082230
52363841
52752535
52953692
52919854
52944941
52944480
53002562
53267293
53379052
53512214
53542810
53595686
53570408
53493479
53499348
53283763
53269087
53267703
53280578
53246550
53291626
53313109
53349226
53440886
53530517
53483713
53442676
53592668
53924694
54025442
54111141
54163473
54340321
54507758
54303512
53917293
53682307
53514757
53434890
53208751
53021780
52653747
52258871
51747829
51327305
51064657
50980123
50907343
50785704
50563679
50145111
49809581
49516968
49264653
49057061
48750771
48447430
48204475
47739608
47280544
46866635
46574207
46576512
46480790
46282688
45948825
45801334
45631911
45275485
45072633
45027558
44929658
44642307
44284938
44036052
43796900
43347160
42901882
42787035
42603597
42509639
42169803
41659190
40953507
40378800
39918352
39536321
39048185
38483766
37896719
37381156
36885236
36350546
35677023
35060982
34646155
34189405
33733043
33269113
32893052
32590194
32353762
31934489
31582629
31171227
30662999
30195959
29756747
29399936
28929088
28470899
28158860
27787487
27494618
27005104
26465229
25941450
25456866
25104091
24671333
24230776
23772040
23283119
22857999
22460258
22066455
21732272
21389704
21026257
20788137
20490660
20172433
19864159
19606510
19340729
19019601
18666326
18296307
18052447
17814485
17575978
17333700
17114580
16884266
16627841
16282344
15892043
15699624
15591792
15344553
15049075
14807031
14526251
14355981
14124697
13882892
13616678
13362800
13153570
12933580
12705879
12461468
12193321
11937097
11658145
11372863
11205587
10947593
10693410
10462362
10299201
10118296
9862373
9537456
9244716
9023506
8897430
8702618
8501668
8394937
8221647
8068824
7928640
7798946
7664482
7534784
7409847
7251510
7020418
6747697
6481588
6253409
6083390
5942872
5773691
5628061
5442883
5260265
5036019
4799976
4630454
4506014
4352053
4244244
4169231
4052276
3944972
3834321
3768401
3657779
3580477
3464646
3320966
3183667
3018787
2952401
2908278
2821165
2726363
2639116
2526257
2433673
2349109
2258119
2147562
2036499
1971495
1883901
1827131
1722376
1635263
1558628
1494005
1393859
1320238
1216166
1087674
996686
904638
830173
759471
691290
611875
550640
508734
460849
398711
349101
286486
228284
177668
115574
59808
21306
2432
