396657
1183199
1946021
2673805
3384921
4079208
4759671
5439833
6118603
6763080
7400796
8043558
8700041
9351872
10001953
10650908
11287777
11904693
12512583
13076812
13664801
14255561
14841012
15397689
15937624
16496991
17033925
17576955
18131990
18653715
19181509
19738450
20287293
20797404
21323466
21848894
22406025
22947581
23474412
23961529
24461619
24916706
25410029
25898714
26415003
26912227
27424602
27917414
28434192
28919360
29422023
29903797
30372975
30802029
31215290
31614414
32062306
32487000
32966934
33374689
33806229
34230310
34634060
35055463
35504013
35899905
36244761
36590364
36962506
37369503
37750582
38102324
38442238
38743169
39061551
39412383
39757540
40098139
40479936
40792067
41119296
41424583
41709146
41985643
42285493
42599292
42910505
43205637
43529977
43770979
43989461
44238621
44474721
44714815
44962390
45160060
45343012
45462891
45629670
45772473
45876879
46065532
46223038
46393076
46501248
46605805
46796586
46984134
47068308
47091298
47136286
47211336
47287482
47267984
47315011
47388869
47451438
47522859
47574252
47618907
47660624
47690171
47742538
47796318
47859402
47887060
47907408
47980331
48048927
48084298
48110471
48127058
48116806
48093977
48129993
48119489
48143853
48140258
48120218
48103458
48079885
48039815
48034343
48046970
47999251
47914395
47844735
47755847
47705877
47654558
47623751
47536018
47481566
47333161
47279444
47148249
47009085
46906361
46807207
46675411
46560004
46432723
46250669
46032846
45840733
45689921
45478008
45269357
45002320
44761647
44536019
44230006
43937158
43744764
43490264
43291967
43103366
42856322
42602841
42422018
42225039
42047093
41868090
41666603
41466835
41307773
41105747
40848513
40641183
40379416
40071107
39692068
39392367
39088116
38815355
38565557
38279665
38015190
37754860
37460099
37188256
36961892
36746345
36523125
36244215
35950971
35751509
35460078
35166917
34953461
34713368
34472032
34234180
33968161
33727844
33517274
33303901
33072296
32828270
32540889
32281663
31951574
31607719
31320861
31051200
30817313
30511270
30223871
29936723
29674365
29390110
29131260
28847042
28588441
28261874
27936504
27652717
27332411
27085868
26847495
26583791
26317413
26071564
25809155
25524929
25274199
25025075
24795265
24578755
24338952
24109343
23846609
23573521
23304059
23061177
22820039
22599487
22348402
22103212
21890157
21670137
21469246
21258661
21036900
20770065
20530248
20276868
20006063
19693742
19442726
19191498
18959839
18740503
18493804
18194432
17913776
17603716
17260732
16925962
16617865
16357484
16117550
15844950
15565061
15325231
15127923
14925600
14692136
14453031
14207250
13937514
13622507
13333214
13067488
12795065
12496607
12208995
11920914
11593432
11287827
11036547
10796253
10563490
10314689
10042396
9694010
9303653
8965471
8676065
8423149
8175030
7933365
7699667
7469594
7265990
7099081
6914203
6751510
6618004
6461748
6304196
6156749
6035677
5903867
5769166
5630620
5479714
5354341
5217755
5069863
4908569
4689462
4517604
4348164
4165754
3965235
3781576
3607756
3433989
3249041
3078367
2930562
2751059
2563424
2390870
2248369
2109245
1977107
1837416
1672641
1487842
1331960
1185500
1038187
892735
715908
528648
363449
214568
69807
