2.33597
1.74416
1.41806
1.21541
1.08662
1.00203
0.936961
0.884486
0.845751
0.810911
0.775424
0.747062
0.716888
0.68611
0.656708
0.636094
0.617965
0.600095
0.578854
0.563264
0.550803
0.539603
0.531494
0.525302
0.517958
0.506365
0.494519
0.482246
0.474477
0.466925
0.45208
0.4316
0.416164
0.406871
0.397428
0.389891
0.381737
0.381286
0.37907
0.379242
0.372533
0.363767
0.348973
0.329595
0.316654
0.313256
0.304859
0.29925
0.292741
0.281685
0.269638
0.256159
0.244486
0.234267
0.231322
0.221829
0.208937
0.20411
0.193512
0.184667
0.17625
0.172047
0.166618
0.153696
0.136233
0.122652
0.118518
0.115079
0.106326
0.0979677
0.0930843
0.0919275
0.0889454
0.0915081
0.0942489
0.0915588
0.0866326
0.0783792
0.0679334
0.0638425
0.0628198
0.0597378
0.0543652
0.04994
0.0447809
0.0404906
0.0369701
0.0360791
0.035203
0.0361327
0.0381485
0.036858
0.0310087
0.0287845
0.0272132
0.0213343
0.0162171
0.0149127
0.00853425
0.00909668
0.0124962
0.0131896
0.014374
0.0171021
0.0201345
0.0237478
0.025129
0.0222997
0.0187787
0.0179972
0.016675
0.0161585
0.0199207
0.0247313
0.0266782
0.0248499
0.0238951
0.0209694
0.0167867
0.0153965
0.00880617
0.00771156
0.00546634
0.00316561
-0.000522944
-0.000873145
-0.00155043
-0.00497594
-0.00675977
-0.0065293
-0.00972429
-0.0114991
-0.00819018
0.000847488
0.00107115
0.00338332
0.00225602
0.0057768
0.0100474
0.0054195
-0.00448737
-0.00911769
-0.0144533
-0.0182818
-0.022666
-0.0246503
-0.0315762
-0.0381892
-0.0493549
-0.0582972
-0.0646723
-0.0637375
-0.0655123
-0.0636171
-0.0680172
-0.0731795
-0.0767746
-0.081107
-0.0847117
-0.086489
-0.0908998
-0.0948346
-0.0932955
-0.0966354
-0.100057
-0.105161
-0.104962
-0.0969681
-0.0884014
-0.0833147
-0.0836211
-0.0749796
-0.066811
-0.0690742
-0.0640266
-0.0578965
-0.0539688
-0.0516902
-0.0514621
-0.0518179
-0.0519907
-0.0592258
-0.0652131
-0.0622533
-0.0593094
-0.0573094
-0.0593372
-0.0634885
-0.0755444
-0.0812275
-0.0813656
-0.0746904
-0.0756073
-0.0786706
-0.0850602
-0.0904321
-0.0923359
-0.0969505
-0.105878
-0.110376
-0.111886
-0.117692
-0.123397
-0.128563
-0.128553
-0.126467
-0.127154
-0.127431
-0.125439
-0.130304
-0.137601
-0.142684
-0.147041
-0.14853
-0.154394
-0.161896
-0.16393
-0.167657
-0.16852
-0.173753
-0.180299
-0.182017
-0.183597
-0.182355
-0.18621
-0.193131
-0.195036
-0.199042
-0.201733
-0.204792
-0.208208
-0.210856
-0.211872
-0.216142
-0.210666
-0.206416
-0.2067
-0.205393
-0.205462
-0.206986
-0.208313
-0.211189
-0.215339
-0.213371
-0.210234
-0.209535
-0.209348
-0.208954
-0.211625
-0.211537
-0.216755
-0.222433
-0.218317
-0.211685
-0.212368
-0.213883
-0.216359
-0.217015
-0.215475
-0.218898
-0.221207
-0.227013
-0.23062
-0.232652
-0.230878
-0.233644
-0.235666
-0.237726
-0.235969
-0.240981
-0.245169
-0.244897
-0.249426
-0.252862
-0.248321
-0.244554
-0.236211
-0.228523
-0.224306
-0.222113
-0.222619
-0.219747
-0.21576
-0.212227
-0.206782
-0.209197
-0.213528
-0.211237
-0.208775
-0.20475
-0.198435
-0.185366
-0.177141
-0.176635
-0.176483
-0.171619
-0.167576
-0.158683
-0.141655
-0.1323
-0.129531
-0.128107
-0.12894
-0.131195
-0.12837
-0.111488
-0.0821574
-0.0596833
-0.0430828
-0.0299575
-0.0214363
-0.0125303
-0.00330688
0.00698952
0.0111315
0.0138817
0.0142771
0.00685774
-0.00759419
-0.0168762
-0.0160585
-0.0160633
-0.0291538
-0.0384831
-0.0430279
-0.0546774
-0.0615204
-0.0757762
-0.0863841
-0.0986069
-0.106118
-0.0895308
-0.08689
-0.0855816
-0.0871134
-0.08217
-0.0768791
-0.0748132
-0.0785634
-0.0672644
-0.0677219
-0.0872665
-0.081281
-0.0675105
-0.0610849
-0.0736462
-0.0828318
-0.113842
-0.126124
-0.113892
-0.0949924
-0.103247
-0.111824
-0.158765
-0.205432
-0.189102
-0.156347
-0.127207
-0.120883
-0.0393521
