1240617
2673454
4058088
5272752
6389210
7468319
8468411
9434025
10332593
11201776
12079612
12896555
13689481
14444927
15172827
15922892
16615757
17302051
17952591
18572321
19202681
19816285
20410402
20986294
21554298
22096208
22613655
23166338
23689835
24223079
24716510
25170499
25677550
26137415
26559189
26976493
27414723
27825858
28236168
28636536
29055014
29422753
29808661
30166836
30494905
30876566
31179500
31517737
31882085
32194022
32510034
32810878
33096517
33387721
33711636
33965312
34244543
34509690
34786585
35051391
35306978
35542382
35810175
36068581
36321124
36553682
36775876
37017440
37212764
37436303
37629411
37837451
38000075
38202706
38399789
38562837
38704451
38885573
39055366
39217717
39379949
39530050
39642402
39786471
39915134
40003287
40160159
40305633
40437255
40546457
40647387
40776826
40857375
40955146
41046699
41141241
41243064
41299595
41362372
41439088
41515686
41590839
41653284
41710046
41761104
41841409
41893374
41950049
42005574
41993417
42028923
42100387
42147273
42200591
42244825
42285724
42318392
42363650
42366215
42391143
42410963
42438522
42449416
42446427
42450055
42445433
42435913
42400454
42370553
42361488
42325642
42324743
42294544
42299108
42279832
42270853
42219481
42183883
42156237
42131737
42053766
42014250
41947646
41893168
41841374
41777190
41718412
41661793
41610256
41559037
41499008
41449992
41347048
41256031
41193353
41140728
41056495
40972589
40886220
40767796
40672148
40570526
40516824
40420073
40362368
40277591
40165922
40076098
39988787
39915093
39795470
39683244
39596897
39486543
39386134
39282082
39163469
39051745
38917946
38797576
38644047
38468689
38334395
38169963
38072043
37932045
37798816
37647644
37496229
37346470
37197282
37078415
36943360
36797577
36619158
36453399
36320415
36172856
36019084
35897053
35732389
35550395
35392325
35245832
35085087
34898258
34732827
34579217
34432073
34270147
34074972
33909730
33749108
33552786
33373877
33190283
33033725
32849641
32658341
32440102
32278357
32116046
31901544
31748179
31555168
31349316
31171018
30995274
30801729
30618127
30386959
30168938
29957270
29725658
29517309
29328476
29114937
28870804
28673831
28462841
28260877
28045586
27849698
27663311
27461947
27260419
27052975
26862841
26636323
26454059
26247136
26014659
25812178
25597679
25386525
25200946
24985989
24790621
24558668
24329866
24121536
23896913
23690913
23461798
23240760
22984440
22734521
22475738
22209605
21940154
21691950
21458868
21236489
20987300
20769091
20512055
20295194
20072144
19859792
19630759
19377634
19133213
18907746
18666846
18442047
18222177
17949623
17713821
17461581
17223500
16972345
16733371
16493283
16245105
16015904
15800037
15557519
15326405
15104387
14838791
14559174
14315688
14054529
13784854
13545927
13277306
13030722
12814101
12566487
12308340
12039697
11774223
11526895
11249415
10996610
10767151
10513868
10252362
9976577
9740329
9503381
9256530
8988150
8744842
8532098
8282137
8031645
7770736
7527164
7274817
7034185
6798733
6579605
6327665
6079524
5817207
5575857
5323257
5075380
4851510
4627205
4390322
4166754
3955193
3724082
3480911
3257385
3000731
2774288
2546519
2296669
2053220
1818543
1544651
1291807
1054702
814394
591808
363847
131988
